4.772810637950897217e-02 -4.399587586522102356e-02 4.179061204195022583e-02 -2.204895578324794769e-02
4.684818908572196960e-02 -2.396914511919021606e-01 4.134963080286979675e-02 2.835209965705871582e-01
4.205435886979103088e-02 -4.353780448436737061e-01 4.702005162835121155e-02 5.889532566070556641e-01
3.334679827094078064e-02 -2.409449517726898193e-01 5.879911780357360840e-02 3.114447891712188721e-01
2.852790057659149170e-02 -4.368531703948974609e-01 6.502801179885864258e-02 6.220762729644775391e-01
1.979083754122257233e-02 -2.426966279745101929e-01 7.746953517198562622e-02 3.505617678165435791e-01
1.493690442293882370e-02 -4.388299286365509033e-01 8.448076993227005005e-02 6.666325926780700684e-01
6.160305812954902649e-03 -2.449782192707061768e-01 9.781342744827270508e-02 4.016998708248138428e-01
1.260741497389972210e-03 -5.136985331773757935e-02 1.058474257588386536e-01 1.413867920637130737e-01
2.333443699171766639e-04 -2.478359788656234741e-01 1.086751595139503479e-01 4.654977321624755859e-01
-4.723375197499990463e-03 -5.440391972661018372e-02 1.179851144552230835e-01 2.089489549398422241e-01
-5.811453796923160553e-03 1.388506889343261719e-01 1.221640929579734802e-01 -4.431045055389404297e-02
-3.034439636394381523e-03 -5.779198557138442993e-02 1.212778836488723755e-01 2.842822372913360596e-01
-4.190279636532068253e-03 1.354102939367294312e-01 1.269635260105133057e-01 3.217583522200584412e-02
-1.482073566876351833e-03 3.285045027732849121e-01 1.276070475578308105e-01 -2.179070711135864258e-01
5.088016390800476074e-03 1.318112611770629883e-01 1.232489049434661865e-01 1.121486350893974304e-01
7.724241819232702255e-03 3.249713778495788574e-01 1.254918724298477173e-01 -1.392502039670944214e-01
1.422366965562105179e-02 5.180934667587280273e-01 1.227068752050399780e-01 -3.898574113845825195e-01
2.458553761243820190e-02 3.214629888534545898e-01 1.149097234010696411e-01 -6.114412099123001099e-02
3.101479820907115936e-02 1.248970404267311096e-01 1.136868447065353394e-01 2.654694914817810059e-01
3.351273760199546814e-02 3.182283341884613037e-01 1.189962327480316162e-01 1.069659087806940079e-02
3.987730666995048523e-02 5.114604830741882324e-01 1.192101612687110901e-01 -2.421995848417282104e-01
5.010651424527168274e-02 3.148553371429443359e-01 1.143661737442016602e-01 8.558002114295959473e-02
5.640362203121185303e-02 5.081679821014404297e-01 1.160777732729911804e-01 -1.689442694187164307e-01
6.656698137521743774e-02 7.014536261558532715e-01 1.126988828182220459e-01 -4.228714108467102051e-01
8.059605211019515991e-02 5.049305558204650879e-01 1.042414605617523193e-01 -9.689347445964813232e-02
9.069466590881347656e-02 6.984159946441650391e-01 1.023035869002342224e-01 -3.549547195434570312e-01
1.046629846096038818e-01 8.919458389282226562e-01 9.520449489355087280e-02 -6.137068867683410645e-01
1.225019022822380066e-01 6.956315040588378906e-01 8.293035626411437988e-02 -2.926210165023803711e-01
1.364145278930664062e-01 8.894791603088378906e-01 7.707794010639190674e-02 -5.580396056175231934e-01
1.542041152715682983e-01 6.933646202087402344e-01 6.591714173555374146e-02 -2.421027421951293945e-01
1.680714040994644165e-01 8.874861001968383789e-01 6.107509136199951172e-02 -5.132869482040405273e-01
1.858211308717727661e-01 6.915595531463623047e-01 5.080934986472129822e-02 -2.020001411437988281e-01
1.996523290872573853e-01 8.859193921089172363e-01 4.676934704184532166e-02 -4.782321751117706299e-01
2.173707038164138794e-01 6.901694536209106445e-01 3.720470517873764038e-02 -1.711831092834472656e-01
2.311740964651107788e-01 8.847396373748779297e-01 3.378104045987129211e-02 -4.519008398056030273e-01
2.488688975572586060e-01 6.891566514968872070e-01 2.474302425980567932e-02 -1.487639844417572021e-01
2.626520395278930664e-01 8.839157223701477051e-01 2.176774479448795319e-02 -4.335394501686096191e-01
2.803303301334381104e-01 6.884924769401550293e-01 1.309695653617382050e-02 -1.340747773647308350e-01
2.941001951694488525e-01 4.931853711605072021e-01 1.041546091437339783e-02 1.627111136913299561e-01
3.039638996124267578e-01 6.881566643714904785e-01 1.366968266665935516e-02 -1.266679018735885620e-01
3.177270293235778809e-01 4.928416013717651367e-01 1.113632507622241974e-02 1.702961176633834839e-01
3.275838494300842285e-01 6.878023743629455566e-01 1.454224716871976852e-02 -1.188529357314109802e-01
3.413399159908294678e-01 4.924751520156860352e-01 1.216518878936767578e-02 1.783822327852249146e-01
3.511894047260284424e-01 6.874209046363830566e-01 1.573283411562442780e-02 -1.104383021593093872e-01
3.649378418922424316e-01 4.920770823955535889e-01 1.352406758815050125e-02 1.871664375066757202e-01
3.747793734073638916e-01 6.870029568672180176e-01 1.726739667356014252e-02 -1.012196838855743408e-01
3.885194361209869385e-01 4.916378557682037354e-01 1.524300221353769302e-02 1.968606561422348022e-01
3.983521759510040283e-01 6.865385174751281738e-01 1.918021589517593384e-02 -9.097508341073989868e-02
4.120829701423645020e-01 4.911469519138336182e-01 1.736071333289146423e-02 2.076969593763351440e-01
4.219059050083160400e-01 6.860164403915405273e-01 2.151465229690074921e-02 -7.945938408374786377e-02
4.356262385845184326e-01 4.905927479267120361e-01 1.992546580731868744e-02 2.199330776929855347e-01
4.454380869865417480e-01 6.854243278503417969e-01 2.432412654161453247e-02 -6.639852374792098999e-02
4.591465592384338379e-01 4.899622201919555664e-01 2.299615554511547089e-02 2.338584661483764648e-01
4.689458012580871582e-01 6.847481727600097656e-01 2.767332643270492554e-02 -5.148294568061828613e-02
4.826407730579376221e-01 4.892405569553375244e-01 2.664366737008094788e-02 2.498010843992233276e-01
4.924255907535552979e-01 6.839721202850341797e-01 3.163968771696090698e-02 -3.436022624373435974e-02
5.061050057411193848e-01 8.786264061927795410e-01 3.095248341560363770e-02 -3.168949782848358154e-01
5.236775875091552734e-01 6.830775737762451172e-01 2.461458370089530945e-02 -1.461365725845098495e-02
5.373390913009643555e-01 4.876113831996917725e-01 2.432231046259403229e-02 2.857327163219451904e-01
5.470913648605346680e-01 6.823781728744506836e-01 3.003696538507938385e-02 8.190012886188924313e-04
5.607389211654663086e-01 4.868386089801788330e-01 3.005334548652172089e-02 3.028255701065063477e-01
5.704756975173950195e-01 6.815196275711059570e-01 3.610985726118087769e-02 1.977025717496871948e-02
5.841060876846313477e-01 4.858989417552947998e-01 3.650526329874992371e-02 3.236240148544311523e-01
5.938240289688110352e-01 6.804825663566589355e-01 4.297774285078048706e-02 4.267317429184913635e-02
6.074336767196655273e-01 8.749627470970153809e-01 4.383120685815811157e-02 -2.361461073160171509e-01
6.249329447746276855e-01 6.792428493499755859e-01 3.910828381776809692e-02 7.003397494554519653e-02
6.385177969932556152e-01 8.737829327583312988e-01 4.050896316766738892e-02 -2.100581079721450806e-01
6.559934616088867188e-01 6.781058907508850098e-01 3.630780056118965149e-02 9.512304514646530151e-02
6.695556044578552246e-01 8.726891875267028809e-01 3.821026161313056946e-02 -1.858873367309570312e-01
6.870093941688537598e-01 6.770419478416442871e-01 3.449251502752304077e-02 1.186003834009170532e-01
7.005501985549926758e-01 8.716531395912170410e-01 3.686452284455299377e-02 -1.630040109157562256e-01
7.179832458496093750e-01 6.760233640670776367e-01 3.360444307327270508e-02 1.410769820213317871e-01
7.315037250518798828e-01 8.706483244895935059e-01 3.642598167061805725e-02 -1.408177763223648071e-01
7.489166855812072754e-01 6.750241518020629883e-01 3.360962495207786560e-02 1.631307452917098999e-01
7.624171972274780273e-01 8.696492314338684082e-01 3.687224164605140686e-02 -1.187626644968986511e-01
7.798101902008056641e-01 6.740189194679260254e-01 3.449698910117149353e-02 1.853213310241699219e-01
7.932905554771423340e-01 8.686307072639465332e-01 3.820341452956199646e-02 -9.628261625766754150e-02
8.106631636619567871e-01 6.729826331138610840e-01 3.627776354551315308e-02 2.082044482231140137e-01
8.241227865219116211e-01 8.675675988197326660e-01 4.044185206294059753e-02 -7.281758636236190796e-02
8.414741754531860352e-01 6.718899011611938477e-01 3.898549824953079224e-02 2.323456257581710815e-01
8.549119830131530762e-01 8.664337396621704102e-01 4.363241046667098999e-02 -4.778956249356269836e-02
8.722406625747680664e-01 6.707141399383544922e-01 4.267662018537521362e-02 2.583342492580413818e-01
8.856549263000488281e-01 8.652016520500183105e-01 4.784330725669860840e-02 -2.058830857276916504e-02
9.029589295387268066e-01 6.694273948669433594e-01 4.743153974413871765e-02 2.867976129055023193e-01
9.163475036621093750e-01 8.638419508934020996e-01 5.316749215126037598e-02 9.443407878279685974e-03
9.336243271827697754e-01 6.679994463920593262e-01 5.335636064410209656e-02 3.184159994125366211e-01
9.469843506813049316e-01 8.623224496841430664e-01 5.972468107938766479e-02 4.302559420466423035e-02
9.642307758331298828e-01 6.663972139358520508e-01 6.058519333600997925e-02 3.539381325244903564e-01
9.775587320327758789e-01 8.606076836585998535e-01 6.766395270824432373e-02 8.095800876617431641e-02
9.947708845138549805e-01 6.645842790603637695e-01 6.928311288356781006e-02 3.941982686519622803e-01
1.008062601089477539e+00 8.586582541465759277e-01 7.716707885265350342e-02 1.241387054324150085e-01
1.025235772132873535e+00 6.625204682350158691e-01 7.964985072612762451e-02 4.401344954967498779e-01
1.038486123085021973e+00 8.564301133155822754e-01 8.845254033803939819e-02 1.735844016075134277e-01
1.055614709854125977e+00 1.050182104110717773e+00 9.192422777414321899e-02 -8.993625640869140625e-02
1.076618432998657227e+00 8.538710474967956543e-01 9.012550860643386841e-02 2.302748262882232666e-01
1.093695759773254395e+00 1.047597289085388184e+00 9.473100304603576660e-02 -3.267411515116691589e-02
1.114647746086120605e+00 8.512534499168395996e-01 9.407752007246017456e-02 2.883303463459014893e-01
1.131672859191894531e+00 1.044916749000549316e+00 9.984412789344787598e-02 2.673803083598613739e-02
1.152571201324462891e+00 8.485152125358581543e-01 1.003788858652114868e-01 3.491785228252410889e-01
1.169541478157043457e+00 1.042076945304870605e+00 1.073624566197395325e-01 8.975931257009506226e-02
1.190382957458496094e+00 8.455929756164550781e-01 1.091576442122459412e-01 4.142922163009643555e-01
1.207294821739196777e+00 1.039012193679809570e+00 1.174434870481491089e-01 1.579189300537109375e-01
1.228075146675109863e+00 1.232273936271667480e+00 1.206018701195716858e-01 -9.552773088216781616e-02
1.252720594406127930e+00 1.035648345947265625e+00 1.186913102865219116e-01 2.326392978429794312e-01
1.273433566093444824e+00 1.228892087936401367e+00 1.233441010117530823e-01 -2.037348598241806030e-02
1.298011422157287598e+00 1.032236933708190918e+00 1.229366287589073181e-01 3.085394501686096191e-01
1.318656086921691895e+00 1.225412368774414062e+00 1.291074156761169434e-01 5.701563507318496704e-02
1.343164324760437012e+00 1.028698325157165527e+00 1.302477270364761353e-01 3.874830901622772217e-01
1.363738298416137695e+00 1.221754074096679688e+00 1.379973888397216797e-01 1.385368853807449341e-01
1.388173460960388184e+00 1.414657473564147949e+00 1.407681256532669067e-01 -1.076248288154602051e-01
1.416466593742370605e+00 1.217828392982482910e+00 1.386156380176544189e-01 2.259477227926254272e-01
1.440823197364807129e+00 1.410725116729736328e+00 1.431345939636230469e-01 -1.999949663877487183e-02
1.469037652015686035e+00 1.213871479034423828e+00 1.427346020936965942e-01 3.141993582248687744e-01
1.493315100669860840e+00 1.406702280044555664e+00 1.490185856819152832e-01 6.971621513366699219e-02
1.521449089050292969e+00 1.599408507347106934e+00 1.504129171371459961e-01 -1.724900156259536743e-01
1.553437232971191406e+00 1.402489662170410156e+00 1.469631046056747437e-01 1.636080294847488403e-01
1.581487059593200684e+00 1.595235586166381836e+00 1.502352654933929443e-01 -7.934244722127914429e-02
1.613391757011413574e+00 1.398315072059631348e+00 1.486484259366989136e-01 2.567144036293029785e-01
1.641358137130737305e+00 1.591036677360534668e+00 1.537827104330062866e-01 1.436184626072645187e-02
1.673178791999816895e+00 1.394081950187683105e+00 1.540699452161788940e-01 3.513414561748504639e-01
1.701060414314270020e+00 1.586715698242187500e+00 1.610967814922332764e-01 1.109311953186988831e-01
1.732794761657714844e+00 1.389696002006530762e+00 1.633154004812240601e-01 4.497921168804168701e-01
1.760588645935058594e+00 1.582176923751831055e+00 1.723112463951110840e-01 2.127140462398529053e-01
1.792232275009155273e+00 1.774470210075378418e+00 1.765655279159545898e-01 -2.104524895548820496e-02
1.827721595764160156e+00 1.577313542366027832e+00 1.761446148157119751e-01 3.217329084873199463e-01
1.859267950057983398e+00 1.769546985626220703e+00 1.825792789459228516e-01 8.936356753110885620e-02
1.894658803939819336e+00 1.961646318435668945e+00 1.843665540218353271e-01 -1.406154334545135498e-01
1.933891773223876953e+00 1.764428377151489258e+00 1.815542429685592651e-01 2.040952891111373901e-01
1.969180345535278320e+00 1.956552386283874512e+00 1.856361478567123413e-01 -2.627007104456424713e-02
2.008311510086059570e+00 1.759320735931396484e+00 1.851107478141784668e-01 3.187586963176727295e-01
2.043497800827026367e+00 1.951390266418457031e+00 1.914859116077423096e-01 8.968862891197204590e-02
2.082525730133056641e+00 1.754113078117370605e+00 1.932796835899353027e-01 4.361492395401000977e-01
2.117607831954956055e+00 1.946049213409423828e+00 2.020026743412017822e-01 2.100771367549896240e-01
2.156528949737548828e+00 2.137796163558959961e+00 2.062042206525802612e-01 -1.270936150103807449e-02
2.199284791946411133e+00 1.940405488014221191e+00 2.059500366449356079e-01 3.372993171215057373e-01
